669 228 686 177
671 241 688 189
674 253 691 203
683 190 699 138
699 226 715 175
706 169 721 114
701 255 721 202
604 204 624 156
646 347 669 301
684 432 708 379
584 266 601 219
717 558 752 503
588 557 622 511
506 586 541 545
521 547 554 504
524 577 556 536
433 394 456 356
64 534 105 514
61 551 101 535
74 545 115 527
98 434 133 416
92 450 129 430
104 166 129 150
146 213 173 196
200 356 228 336
282 451 310 421
95 232 123 222
98 258 126 249
91 297 125 282
77 351 114 338
223 139 243 118
382 120 394 84
566 172 580 127
483 265 500 221
397 305 400 331
417 268 417 268
268 331 294 306
412 185 426 150
559 440 586 395
523 471 551 426
674 199 689 148
620 346 645 300
457 487 487 449
